1631112859985510400
1631112859897430016
1629824814967554048
1613439889204969472
1613439536044572672
1613439183576236032
1613434566444449792
1613433907498319872
1613431494808829952
1605028222989369345
1605028222989369344
1605028222985175041
1605028222985175040
1604731457065058306
1604731457065058305
1604731457065058304
1604731457060864000
1603244028852305920
1602499965781934080
1599949951281004544
1594673737184182272
1588392444226043904
1585550146098298880
1582578771930775553
1582578771930775552
1579049754338394112
1578672658197905408
1574966005367701504
1574966005363507200
1574931491241197569
1574931491241197568
1574928422227017728
1574927900380102656
1573262184346157058
1573262184346157057
1573262184346157056
1572850247011532801
1572850247011532800
1572850247007338496
1570688591800172545
1570688591800172544
1569585390216675328
1569585390212481024
1568156705815134209
1568156705815134208
1567747885691437056
1567747885687242752
1566973716963917825
1566973716963917824
1566635553703723008
1565544666676461569
1565544666676461568
1565240659105939457
1565240659105939456
1564534693704105985
1564534693704105984
1564134750673829888
1564134750669635584
1562373753655132161
1562373753655132160
1561971141940215809
1561971141940215808
1561676702764105729
1561676702764105728
1559731106436218880
1559731106432024576
1559484302188740609
1559484302188740608
1558010601740042240
1558010601735847936
1557673013896413185
1557673013896413184
1556934209443069952
1556545875319324672
1556465022673223680
1556465022669029376
1555102215444758529
1555102215444758528
1555095262987419648
1555095262983225344
1554023803397472256
1554023803393277952
1552975408281026560
1552975408276832256
1551808344774279168
1551808344770084864
1551793389706543105
1551793389706543104
1551507309048496128
1549270148198825984
1551740730014302209
1551740730014302208
1551739682566569985
1551739682566569984
1551739421710221313
1551739421710221312
1549270148198825985
1549669899390025728
1549231524551983104
1549231524551983105
1542733237841952768
1542733237841952769
1547872363733975041
1547872363733975040
1547141682221416448
1547141682217222144
1546677462266675200
1546677462262480896
1546677229352779776
1546677229344391168
1542028331946475521
1542028331946475520
1541254101239726081
1541254101239726080
1540226891166908418
1540226891166908417
1540226891166908416
1539817715076825090
1539817715076825089
1539817715076825088
1539456406367895555
1539456406367895554
1539456406367895553
1539456406367895552
1539449854449811457
1539449854449811456
1537622545719754753
1537622545719754752
1537270370250391553
1537270370250391552
1536981426581405696
1536666675389267968
1535084662261678081
1535084662261678080
1534726011038597121
1534726011038597120
1534374988734398465
1534374988734398464
1534029960224833537
1534029960224833536
1533666567169114112
1533655639111368706
1533655639111368705
1533655639111368704
1531570545265606658
1531570545265606657
1531570545265606656
1531566491487567874
1531566491487567873
1531566491487567872
1531538660653137921
1531538660653137920
1531538660648943616
1531529924005986305
1531529924005986304
1531529924001792000
1531164623888318466
1531164623888318465
1531164623888318464
1531123636138803201
1531123636138803200
1531123636134608896
1528930787796320258
1528930787796320257
1528930787796320256
1528570603106336769
1528570603106336768
1528570603102142464
1527491662845181952
1527491662840987649
1527491662840987648
1526834259040534529
1526834259040534528
1526834259036340224
1526753815716560898
1526753815716560897
1526753815716560896
1526385187066347520
1526028377780256771
1526028377780256770
1526028377780256769
1526028377780256768
1525006403364847617
1525006403364847616
1524992426459136003
1524992426459136002
1524992426459136001
1524992426459136000
1524956737138982913
1524956737138982912
1524956737134788608
1524956737130594304
1524956737126400000
1523853950653169666
1523853950653169665
1523853950653169664
1523853950648975361
1523853950648975360
1523505369165463552
1523505369161269249
1523505369161269248
1522855604979367936
1522855604975173635
1522855604975173634
1522855604975173633
1522855604975173632
1522786179546742787
1522786179546742786
1522786179546742785
1522786179546742784
1522786179542548480
1522088865739964418
1522088865739964417
1522088865739964416
1522088865735770113
1522088865735770112
1519615982979645440
1519614182868254720
1518775114169188352
1517417343414829056
1518408448579076096
1516228514095955968
1515899759372664832
1515899759376859136
1514791781395464192
1514415923166052352
1514415923170246656
1514089434499383296
1509070539107467264
1509070225499357184
1507240831520735232
1507240146381176832
1507238962652119040
1507239628787286016
1507194034043617280
1507178952974794752
1506179537359208453
1506179537359208462
1506179537363402752
1506179537363402756
1506179537363402757
1506179537363402758
1506179537363402759
1506179537363402760
1506179537363402762
1506179537363402763
1506179537363402765
1506179537363402764
1506179537359208460
1506179537359208463
1506179537359208451
1506179537359208457
1506179537359208459
1506179537359208458
1506179537359208456
1506179537359208454
1506179537359208448
1506179537359208449
1506179537359208450
1506179537359208452
1506179537359208455
1506179537359208461
1506179537359208464
1506179537359208465
1506179537363402753
1506179537363402754
1506179537363402755
1506179537363402761
1506097472638943239
1506097472634748928
1506097472634748929
1506097472634748930
1506097472638943232
1506097472638943233
1506097472638943234
1506097472638943235
1506097472638943236
1506097472638943237
1506097472638943238
1506097472638943240
1506097472638943241
1506097472638943242
1506097472638943243
1506097472638943244
1505831643351482368
1505831200835633152
1505830800124411904
1505830153962520576
1505829676784943104
1505817661383245824
1505812435586646016
1505811813466505216
1504651614491901952
1500751463561953280
1500742356255768576
1500736903807369216
1500736261344854016
1499295788684148736
1495587472564944896
1498128515160211456
1498128430821146624
1498119536778543104
1498118648131354624
1498118865987698688
1495678355498991616
1495652137043099648
1494565714886000640
1494561403477032960
1494560895295160320
1493425099607506944
1471751694089060352
1493114087687716864
1493104259552641024
1493066715620311040
1493064955967176704
1493062136493113344
1493061952556105728
1493061872331653120
1467758425965461504
1492018398631165952
1492018500066213888
1491313565926293504
1491308320093503488
1491308211175817216
1491308054879272960
1491307730626019328
1491307648031784960
1491293872620437504
1491294465468530688
1480819048261484544
1486631973937086464
1486236527410413568
1486235717301567488
1486235368696184832
1486234958845575168
1486234664229273600
1486234200884510720
1486233809081991168
1486233373226696704
1486232892102279168
1486232539046739968
1486232195864592384
1486231848324562944
1486231371935514624
1483722281619423232
1475288100623220736
1482196338836897812
1482196338836897811
1482196338836897810
1482196338836897809
1482196338836897808
1482196338836897807
1482196338836897806
1482196338836897805
1482196338836897804
1482196338836897803
1482196338836897802
1482196338836897801
1482196338836897800
1482196338836897799
1482196338836897798
1482196338836897797
1482196338836897796
1482196338836897795
1482196338836897794
1482196338836897793
1482196338836897792
1482196338832703503
1482196338832703502
1482196338832703501
1482196338832703500
1482196338832703499
1482196338832703498
1482196338832703497
1482196338832703496
1482196338832703495
1482196338832703494
1482196338832703493
1482196338832703492
1482196338832703491
1482196338832703490
1482196338832703489
1482196338832703488
1482196280712232995
1482196280712232994
1482196280712232993
1482196280712232992
1482196280712232991
1482196280712232990
1482196280712232989
1482196280712232988
1482196280712232987
1482196280712232986
1482196280712232985
1482196280712232984
1482196280712232983
1482196280712232982
1482196280712232981
1482196280712232980
1482196280712232979
1482196280712232978
1482196280712232977
1482196280712232976
1482196280712232975
1482196280712232974
1482196280712232973
1482196280712232972
1482196280712232971
1482196280712232970
1482196280712232969
1482196280712232968
1482196280712232967
1482196280712232966
1482196280712232965
1482196280712232964
1482196280712232963
1482196280712232962
1482196280712232961
1482196280712232960
1482196280708038656
1482196148415496217
1482196148415496216
1482196148415496215
1482196148415496214
1482196148415496213
1482196148415496212
1482196148415496211
1482196148415496210
1482196148415496209
1482196148415496208
1482196148415496207
1482196148415496206
1482196148415496205
1482196148415496204
1482196148415496203
1482196148415496202
1482196148415496201
1482196148415496200
1482196148415496199
1482196148415496198
1482196148415496197
1482196148415496196
1482196148415496195
1482196148415496194
1482196148415496193
1482196148415496192
1482196148411301900
1482196148411301899
1482196148411301898
1482196148411301897
1482196148411301896
1482196148411301895
1482196148411301894
1482196148411301893
1482196148411301892
1482196148411301891
1482196148411301890
1482196148411301889
1482196148411301888
1482196087983964193
1482196087983964192
1482196087983964191
1482196087983964190
1482196087983964189
1482196087983964188
1482196087983964187
1482196087983964186
1482196087983964185
1482196087983964184
1482196087983964183
1482196087983964182
1482196087983964181
1482196087983964180
1482196087983964179
1482196087983964178
1482196087983964177
1482196087983964176
1482196087983964175
1482196087983964174
1482196087983964173
1482196087983964172
1482196087983964171
1482196087983964170
1482196087983964169
1482196087983964168
1482196087983964167
1482196087983964166
1482196087983964165
1482196087983964164
1482196087983964163
1482196087983964162
1482196087983964161
1482196087983964160
1482196087979769860
1482196087979769859
1482196087979769858
1482196087979769857
1482196087979769856
1482195868793831439
1482195868793831438
1482195868793831437
1482195868793831436
1482195868793831435
1482195868793831434
1482195868793831433
1482195868793831432
1482195868793831431
1482195868793831430
1482195868793831429
1482195868793831428
1482195868793831427
1482195868793831426
1482195868793831425
1482195868793831424
1482195868789637128
1482195868789637127
1482195868789637126
1482195868789637125
1482195868789637124
1482195868789637123
1482195868789637122
1482195868789637121
1482195868789637120
1482195642796343314
1482195642796343313
1482195642796343312
1482195642796343311
1482195642796343310
1482195642796343309
1482195642796343308
1482195642796343307
1482195642796343306
1482195642796343305
1482195642796343304
1482195642796343303
1482195642796343302
1482195642796343301
1482195642796343300
1482195642796343299
1482195642796343298
1482195642796343297
1482195642796343296
1482195642792148997
1482195642792148996
1482195642792148995
1482195642792148994
1482195642792148993
1482195642792148992
1482195512219271174
1482195512219271173
1482195512219271172
1482195512219271171
1482195512219271170
1482195512219271169
1482195512219271168
1482195512215076890
1482195512215076889
1482195512215076888
1482195512215076887
1482195512215076886
1482195512215076885
1482195512215076884
1482195512215076883
1482195512215076882
1482195512215076881
1482195512215076880
1482195512215076879
1482195512215076878
1482195512215076877
1482195512215076876
1482195512215076875
1482195512215076874
1482195512215076873
1482195512215076872
1482195512215076871
1482195512215076870
1482195512215076869
1482195512215076868
1482195512215076867
1482195512215076866
1482195512215076865
1482195512215076864
1482195512210882572
1482195512210882571
1482195512210882570
1482195512210882569
1482195512210882568
1482195512210882567
1482195512210882566
1482195512210882565
1482195512210882564
1482195512210882563
1482195512210882562
1482195512210882561
1482195512210882560
1482195359529828372
1482195359529828371
1482195359529828370
1482195359529828369
1482195359529828368
1482195359529828367
1482195359529828366
1482195359529828365
1482195359529828364
1482195359529828363
1482195359529828362
1482195359529828361
1482195359529828360
1482195359529828359
1482195359529828358
1482195359529828357
1482195359529828356
1482195359529828355
1482195359529828354
1482195359529828353
1482195359529828352
1482195359525634049
1482195359525634048
1482195175152418822
1482195175152418821
1482195175152418820
1482195175152418819
1482195175152418818
1482195175152418817
1482195175152418816
1482195175148224554
1482195175148224553
1482195175148224552
1482195175148224551
1482195175148224550
1482195175148224549
1482195175148224548
1482195175148224547
1482195175148224546
1482195175148224545
1482195175148224544
1482195175148224543
1482195175148224542
1482195175148224541
1482195175148224540
1482195175148224539
1482195175148224538
1482195175148224537
1482195175148224536
1482195175148224535
1482195175148224534
1482195175148224533
1482195175148224532
1482195175148224531
1482195175148224530
1482195175148224529
1482195175148224528
1482195175148224527
1482195175148224526
1482195175148224525
1482195175148224524
1482195175148224523
1482195175148224522
1482195175148224521
1482195175148224520
1482195175148224519
1482195175148224518
1482195175148224517
1482195175148224516
1482195175148224515
1482195175148224514
1482195175148224513
1482195175148224512
1482195175144030227
1482195175144030226
1482195175144030225
1482195175144030224
1482195175144030223
1482195175144030222
1482195175144030221
1482195175144030220
1482195175144030219
1482195175144030218
1482195175144030217
1482195175144030216
1482195175144030215
1482195175144030214
1482195175144030213
1482195175144030212
1482195175144030211
1482195175144030210
1482195175144030209
1482195175144030208
1482194903428628492
1482194903428628491
1482194903428628490
1482194903428628489
1482194903428628488
1482194903428628487
1482194903428628486
1482194903428628485
1482194903428628484
1482194903428628483
1482194903428628482
1482194903428628481
1482194903428628480
1482194903424434222
1482194903424434221
1482194903424434220
1482194903424434219
1482194903424434218
1482194903424434217
1482194903424434216
1482194903424434215
1482194903424434214
1482194903424434213
1482194903424434212
1482194903424434211
1482194903424434210
1482194903424434209
1482194903424434208
1482194903424434207
1482194903424434206
1482194903424434205
1482194903424434204
1482194903424434203
1482194903424434202
1482194903424434201
1482194903424434200
1482194903424434199
1482194903424434198
1482194903424434197
1482194903424434196
1482194903424434195
1482194903424434194
1482194903424434193
1482194903424434192
1482194903424434191
1482194903424434190
1482194903424434189
1482194903424434188
1482194903424434187
1482194903424434186
1482194903424434185
1482194903424434184
1482194903424434183
1482194903424434182
1482194903424434181
1482194903424434180
1482194903424434179
1482194903424434178
1482194903424434177
1482194903424434176
1482194903420239908
1482194903420239907
1482194903420239906
1482194903420239905
1482194903420239904
1482194903420239903
1482194903420239902
1482194903420239901
1482194903420239900
1482194903420239899
1482194903420239898
1482194903420239897
1482194903420239896
1482194903420239895
1482194903420239894
1482194903420239893
1482194903420239892
1482194903420239891
1482194903420239890
1482194903420239889
1482194903420239888
1482194903420239887
1482194903420239886
1482194903420239885
1482194903420239884
1482194903420239883
1482194903420239882
1482194903420239881
1482194903420239880
1482194903420239879
1482194903420239878
1482194903420239877
1482194903420239876
1482194903420239875
1482194903420239874
1482194903420239873
1482194903420239872
1482194903416045590
1482194903416045589
1482194903416045588
1482194903416045587
1482194903416045586
1482194903416045585
1482194903416045584
1482194903416045583
1482194903416045582
1482194903416045581
1482194903416045580
1482194903416045579
1482194903416045578
1482194903416045577
1482194903416045576
1482194903416045575
1482194903416045574
1482194903416045573
1482194903416045572
1482194903416045571
1482194903416045570
1482194903416045569
1482194903416045568
1482194457230180353
1482194457230180352
1482194457225986077
1482194457225986076
1482194457225986075
1482194457225986074
1482194457225986073
1482194457225986072
1482194457225986071
1482194457225986070
1482194457225986069
1482194457225986068
1482194457225986067
1482194457225986066
1482194457225986065
1482194457225986064
1482194457225986063
1482194457225986062
1482194457225986061
1482194457225986060
1482194457225986059
1482194457225986058
1482194457225986057
1482194457225986056
1482194457225986055
1482194457225986054
1482194457225986053
1482194457225986052
1482194457225986051
1482194457225986050
1482194457225986049
1482194457225986048
1482194394982514694
1482194394982514693
1482194394982514692
1482194394982514691
1482194394982514690
1482194394982514689
1482194394982514688
1482194394978320397
1482194394978320396
1482194394978320395
1482194394978320394
1482194394978320393
1482194394978320392
1482194394978320391
1482194394978320390
1482194394978320389
1482194394978320388
1482194394978320387
1482194394978320386
1482194394978320385
1482194394978320384
1482194288887595023
1482194288887595022
1482194288887595021
1482194288887595020
1482194288887595019
1482194288887595018
1482194288887595017
1482194288887595016
1482194288887595015
1482194288887595014
1482194288887595013
1482194288887595012
1482194288887595011
1482194288887595010
1482194288887595009
1482194288887595008
1482194288883400706
1482194288883400705
1482194288883400704
1482194190791213067
1482194190791213066
1482194190791213065
1482194190791213064
1482194190791213063
1482194190791213062
1482194190791213061
1482194190791213060
1482194190791213059
1482194190791213058
1482194190791213057
1482194190791213056
1482194190787018752
1482194051863281666
1482194051863281665
1482194051863281664
1482193882312736769
1482193882312736768
1482193772577161224
1482193772577161223
1482193772577161222
1482193772577161221
1482193772577161220
1482193772577161219
1482193772577161218
1482193772577161217
1482193772577161216
1482193656365580295
1482193656365580294
1482193656365580293
1482193656365580292
1482193656365580291
1482193656365580290
1482193656365580289
1482193656365580288
1482193597322362884
1482193597322362883
1482193597322362882
1482193597322362881
1482193597322362880
1482193475133898759
1482193475133898758
1482193475133898757
1482193475133898756
1482193475133898755
1482193475133898754
1482193475133898753
1482193475133898752
1482193409270743043
1482193409270743042
1482193409270743041
1482193409270743040
1482193409266548742
1482193409266548741
1482193409266548740
1482193409266548739
1482193409266548738
1482193409266548737
1482193409266548736
1482192989357998090
1482192989357998089
1482192989357998088
1482192989357998087
1482192989357998086
1482192989357998085
1482192989357998084
1482192989357998083
1482192989357998082
1482192989357998081
1482192989357998080
1482192989353803800
1482192989353803799
1482192989353803798
1482192989353803797
1482192989353803796
1482192989353803795
1482192989353803794
1482192989353803793
1482192989353803792
1482192989353803791
1482192989353803790
1482192989353803789
1482192989353803788
1482192989353803787
1482192989353803786
1482192989353803785
1482192989353803784
1482192989353803783
1482192989353803782
1482192989353803781
1482192989353803780
1482192989353803779
1482192989353803778
1482192989353803777
1482192989353803776
1482192989349609479
1482192989349609478
1482192989349609477
1482192989349609476
1482192989349609475
1482192989349609474
1482192989349609473
1482192989349609472
1482192956965388313
1482192956965388312
1482192956965388311
1482192956965388310
1482192956965388309
1482192956965388308
1482192956965388307
1482192956965388306
1482192956965388305
1482192956965388304
1482192956965388303
1482192956965388302
1482192956965388301
1482192956965388300
1482192956965388299
1482192956965388298
1482192956965388297
1482192956965388296
1482192956965388295
1482192956965388294
1482192956965388293
1482192956965388292
1482192956965388291
1482192956965388290
1482192956965388289
1482192956965388288
1482192956961194001
1482192956961194000
1482192956961193999
1482192956961193998
1482192956961193997
1482192956961193996
1482192956961193995
1482192956961193994
1482192956961193993
1482192956961193992
1482192956961193991
1482192956961193990
1482192956961193989
1482192956961193988
1482192956961193987
1482192956961193986
1482192956961193985
1482192956961193984
1482192783145041925
1482192783145041924
1482192783145041923
1482192783145041922
1482192783145041921
1482192783145041920
1482192783140847627
1482192783140847626
1482192783140847625
1482192783140847624
1482192783140847623
1482192783140847622
1482192783140847621
1482192783140847620
1482192783140847619
1482192783140847618
1482192783140847617
1482192783140847616
1482192491158568979
1482192491158568978
1482192491158568977
1482192491158568976
1482192491158568975
1482192491158568974
1482192491158568973
1482192491158568972
1482192491158568971
1482192491158568970
1482192491158568969
1482192491158568968
1482192491158568967
1482192491158568966
1482192491158568965
1482192491158568964
1482192491158568963
1482192491158568962
1482192491158568961
1482192491158568960
1482192491154374670
1482192491154374669
1482192491154374668
1482192491154374667
1482192491154374666
1482192491154374665
1482192491154374664
1482192491154374663
1482192491154374662
1482192491154374661
1482192491154374660
1482192491154374659
1482192491154374658
1482192491154374657
1482192491154374656
1482192311994679300
1482192311994679299
1482192311994679298
1482192311994679297
1482192311994679296
1482192311990485005
1482192311990485004
1482192311990485003
1482192311990485002
1482192311990485001
1482192311990485000
1482192311990484999
1482192311990484998
1482192311990484997
1482192311990484996
1482192311990484995
1482192311990484994
1482192311990484993
1482192311990484992
1482192311986290688
1482192126048600072
1482192126048600071
1482192126048600070
1482192126048600069
1482192126048600068
1482192126048600067
1482192126048600066
1482192126048600065
1482192126048600064
1482192126044405773
1482192126044405772
1482192126044405771
1482192126044405770
1482192126044405769
1482192126044405768
1482192126044405767
1482192126044405766
1482192126044405765
1482192126044405764
1482192126044405763
1482192126044405762
1482192126044405761
1482192126044405760
1482192126040211469
1482192126040211468
1482192126040211467
1482192126040211466
1482192126040211465
1482192126040211464
1482192126040211463
1482192126040211462
1482192126040211461
1482192126040211460
1482192126040211459
1482192126040211458
1482192126040211457
1482192126040211456
1482192126036017159
1482192126036017158
1482192126036017157
1482192126036017156
1482192126036017155
1482192126036017154
1482192126036017153
1482192126036017152
1482192126015045644
1482192126015045643
1482192126015045642
1482192126015045641
1482192126015045640
1482192126015045639
1482192126015045638
1482192126015045637
1482192126015045636
1482192126015045635
1482192126015045634
1482192126015045633
1482192126015045632
1482192126010851335
1482192126010851334
1482192126010851333
1482192126010851332
1482192126010851331
1482192126010851330
1482192126010851329
1482192126010851328
1482192055265525761
1482192055265525760
1482192055261331467
1482192055261331466
1482192055261331465
1482192055261331464
1482192055261331463
1482192055261331462
1482192055261331461
1482192055261331460
1482192055261331459
1482192055261331458
1482192055261331457
1482192055261331456
1482192055257137168
1482192055257137167
1482192055257137166
1482192055257137165
1482192055257137164
1482192055257137163
1482192055257137162
1482192055257137161
1482192055257137160
1482192055257137159
1482192055257137158
1482192055257137157
1482192055257137156
1482192055257137155
1482192055257137154
1482192055257137153
1482192055257137152
1482192055252942856
1482192055252942855
1482192055252942854
1482192055252942853
1482192055252942852
1482192055252942851
1482192055252942850
1482192055252942849
1482192055252942848
1482191940312236049
1482191940312236048
1482191940312236047
1482191940312236046
1482191940312236045
1482191940312236044
1482191940312236043
1482191940312236042
1482191940312236041
1482191940312236040
1482191940312236039
1482191940312236038
1482191940312236037
1482191940312236036
1482191940312236035
1482191940312236034
1482191940312236033
1482191940312236032
1482191940308041737
1482191940308041736
1482191940308041735
1482191940308041734
1482191940308041733
1482191940308041732
1482191940308041731
1482191940308041730
1482191940308041729
1482191940308041728
1482191860389773326
1482191860389773325
1482191860389773324
1482191860389773323
1482191860389773322
1482191860389773321
1482191860389773320
1482191860389773319
1482191860389773318
1482191860389773317
1482191860389773316
1482191860389773315
1482191860389773314
1482191860389773313
1482191860389773312
1482191860385579013
1482191860385579012
1482191860385579011
1482191860385579010
1482191860385579009
1482191860385579008
1482191731540754441
1482191731540754440
1482191731540754439
1482191731540754438
1482191731540754437
1482191731540754436
1482191731540754435
1482191731540754434
1482191731540754433
1482191731540754432
1482191731536560134
1482191731536560133
1482191731536560132
1482191731536560131
1482191731536560130
1482191731536560129
1482191731536560128
1482188020965834758
1482188020965834757
1482188020965834756
1482188020965834755
1482188020965834754
1482188020965834753
1482188020965834752
1482188020961640465
1482188020961640464
1482188020961640463
1482188020961640462
1482188020961640461
1482188020961640460
1482188020961640459
1482188020961640458
1482188020961640457
1482188020961640456
1482188020961640455
1482188020961640454
1482188020961640453
1482188020961640452
1482188020961640451
1482188020961640450
1482188020961640449
1482188020961640448
1482188020957446148
1482188020957446147
1482188020957446146
1482188020957446145
1482188020957446144
1482185488755458060
1482185488755458059
1482185488755458058
1482185488755458057
1482185488755458056
1482185488755458055
1482185488755458054
1482185488755458053
1482185488755458052
1482185488755458051
1482185488755458050
1482185488755458049
1482185488755458048
1482185488751263759
1482185488751263758
1482185488751263757
1482185488751263756
1482185488751263755
1482185488751263754
1482185488751263753
1482185488751263752
1482185488751263751
1482185488751263750
1482185488751263749
1482185488751263748
1482185488751263747
1482185488751263746
1482185488751263745
1482185488751263744
1482185488747069440
1482185263353561099
1482185263353561098
1482185263353561097
1482185263353561096
1482185263353561095
1482185263353561094
1482185263353561093
1482185263353561092
1482185263353561091
1482185263353561090
1482185263353561089
1482185263353561088
1482185263349366791
1482185263349366790
1482185263349366789
1482185263349366788
1482185263349366787
1482185263349366786
1482185263349366785
1482185263349366784
1482185135683141643
1482185135683141642
1482185135683141641
1482185135683141640
1482185135683141639
1482185135683141638
1482185135683141637
1482185135683141636
1482185135683141635
1482185135683141634
1482185135683141633
1482185135683141632
1482185135678947333
1482185135678947332
1482185135678947331
1482185135678947330
1482185135678947329
1482185135678947328
1482185135674753034
1482185135674753033
1482185135674753032
1482185135674753031
1482185135674753030
1482185135674753029
1482185135674753028
1482185135674753027
1482185135674753026
1482185135674753025
1482185135674753024
1482185135670558727
1482185135670558726
1482185135670558725
1482185135670558724
1482185135670558723
1482185135670558722
1482185135670558721
1482185135670558720
1482185135666364424
1482185135666364423
1482185135666364422
1482185135666364421
1482185135666364420
1482185135666364419
1482185135666364418
1482185135666364417
1482185135666364416
1482185135662170112
1482185072458203136
1482185072454008845
1482185072454008844
1482185072454008843
1482185072454008842
1482185072454008841
1482185072454008840
1482185072454008839
1482185072454008838
1482185072454008837
1482185072454008836
1482185072454008835
1482185072454008834
1482185072454008833
1482185072454008832
1482185072449814531
1482185072449814530
1482185072449814529
1482185072449814528
1482185001910009857
1482185001910009856
1482185001905815557
1482185001905815556
1482185001905815555
1482185001905815554
1482185001905815553
1482185001905815552
1482185001901621256
1482185001901621255
1482185001901621254
1482185001901621253
1482185001901621252
1482185001901621251
1482185001901621250
1482185001901621249
1482185001901621248
1482185001897426945
1482185001897426944
1482184690805899264
1482184690801704960
1482184690797510664
1482184690797510663
1482184690797510662
1482184690797510661
1482184690797510660
1482184690797510659
1482184690797510658
1482184690797510657
1482184690797510656
1482184690793316355
1482184690793316354
1482184690793316353
1482184690793316352
1482184521620258823
1482184521620258822
1482184521620258821
1482184521620258820
1482184521620258819
1482184521620258818
1482184521620258817
1482184521620258816
1482184364296110086
1482184364296110085
1482184364296110084
1482184364296110083
1482184364296110082
1482184364296110081
1482184364296110080
1482183919452422144
1482183919448227840
1482183448507580422
1482183448507580421
1482183448507580420
1482183448507580419
1482183448507580418
1482183448507580417
1482183448507580416
1482183448503386112
1482183390655545346
1482183390655545345
1482183390655545344
1482183390651351040
1482183292638855168
1482183292634660864
1482183022466957313
1482183022466957312
1482182989118046208
1482182924186025984
1482182871522344960
1482182819429089280
1482182764089442304
1482182692786274304
1482178434078736384
1482176795087339520
1481878415844966400
1481166378064019456
1479027851352211456
1479026368565084160
1479024040038498304
1479021937257742336
1479020791432609792
1478266323174817792
1478266256707682304
1478266070350561280
1478265482669850624
1476407487392514048
1476398924876087296
1470637175514202112
1470637483283841024
1470637811567820800
1470933264645619712
1473561990596263936
1473562073186304000
1473562161304436736
1467758677749530624
1473843718837633024
1466294662284312576
1466295233930199040
1466303123046924288
1466303717568544768
1466304423818035200
1466305532775235584
1472840476490072064
1471754691439362048
1471754183173603328
1471752599282778112
1471753427573932032
1461589090033074176
1461589362696388608
1470218980345118720
1468518592176848896
1468518931512819712
1466286732872908800
1466287880098938880
1465938789343035392
1462695954653249536
1462710211658776576
1462698431867912192
1461590578927108096
1461591923750993920
1461593160642854912
1461595991152132096
1463067678737563648
1463066895702949888
1463068649546973184
1463069925668159488
1463081025323270144
1463329741330317312
1463336911425896448
1463338880194445312
1463339842803990528
1463340903266648064
1463349279409176576
1463351770829946880
1463388714267967488
1463389619075809280
1463390268098215936
1463390931247038464
1463392058596261888
1463393956128751616
1463394881744535552
1463396807886372864
1462672316990357504
1461621784037163008
1461584951286824960
1461585230782660608
1468123520167968768
1467757644289802240
1461587935500566528
1463027273123889152
1463031842339946496
